9.127441230638321912e+00
3.087459339685405091e+00
-4.995614150494290584e+00
-9.772895990995682070e+00
-8.083073490179698339e+00
-1.044367740458632676e+00
6.685436651310278755e+00
9.991228300988584721e+00
6.685436651310283196e+00
-1.044367740458619132e+00
-8.083073490179694787e+00
-9.772895990995683846e+00
-4.995614150494290584e+00
3.087459339685400650e+00
9.127441230638318359e+00
8.493930853061117503e+00
2.873167351096881372e+00
-4.648882429441254516e+00
-9.094586388903021401e+00
-7.522049780538138997e+00
-9.718810725229870551e-01
6.221419037806141361e+00
9.297764858882512584e+00
6.221419037806145802e+00
-9.718810725229743985e-01
-7.522049780538135444e+00
-9.094586388903021401e+00
-4.648882429441254516e+00
2.873167351096877375e+00
8.493930853061113950e+00
4.567727288213005110e+00
1.545084971874737478e+00
-2.499999999999999112e+00
-4.890738003669029332e+00
-4.045084971874738144e+00
-5.226423163382712955e-01
3.345653031794292964e+00
5.000000000000000888e+00
3.345653031794295185e+00
-5.226423163382644121e-01
-4.045084971874737256e+00
-4.890738003669030221e+00
-2.499999999999999556e+00
1.545084971874735258e+00
4.567727288213003334e+00
-4.232419884275767430e+00
-1.431663482785698216e+00
2.316480175599308744e+00
4.531719051819779409e+00
3.748143658385008514e+00
4.842762258907633566e-01
-3.100055569034081859e+00
-4.632960351198619264e+00
-3.100055569034084080e+00
4.842762258907570283e-01
3.748143658385006738e+00
4.531719051819779409e+00
2.316480175599308744e+00
-1.431663482785696218e+00
-4.232419884275765654e+00
-8.848447471981724988e+00
-2.993086572541550527e+00
4.842915805643154492e+00
9.474172951691357980e+00
7.836002378184708128e+00
1.012445093797025519e+00
-6.481086379149809673e+00
-9.685831611286312537e+00
-6.481086379149813226e+00
1.012445093797012419e+00
7.836002378184704575e+00
9.474172951691359756e+00
4.842915805643154492e+00
-2.993086572541546531e+00
-8.848447471981719659e+00
3.184364104920251126e+00
1.077146863865089843e+00
-1.742860236609070634e+00
-3.409549117707031840e+00
-2.820007100474161810e+00
-3.643570044460929802e-01
2.332402253841942663e+00
3.485720473218142601e+00
2.332402253841944439e+00
-3.643570044460882063e-01
-2.820007100474160477e+00
-3.409549117707032284e+00
-1.742860236609070634e+00
1.077146863865088289e+00
3.184364104920249794e+00
6.391742666050332922e+00
2.162078625597755543e+00
-3.498316702566825587e+00
-6.843740178445480993e+00
-5.660395328164583795e+00
-7.313473378857556773e-01
4.681661552847726782e+00
6.996633405133653838e+00
4.681661552847729446e+00
-7.313473378857462404e-01
-5.660395328164581130e+00
-6.843740178445480993e+00
-3.498316702566825587e+00
2.162078625597752435e+00
6.391742666050329369e+00
-9.135454576426008444e+00
-3.090169943749474513e+00
4.999999999999998224e+00
9.781476007338056888e+00
8.090169943749476289e+00
1.045284632676542369e+00
-6.691306063588584152e+00
-1.000000000000000000e+01
-6.691306063588589481e+00
1.045284632676528824e+00
8.090169943749472736e+00
9.781476007338058665e+00
4.999999999999998224e+00
-3.090169943749470072e+00
-9.135454576426004891e+00
8.182734099237739755e+00
2.767901559754768925e+00
-4.478558801197062067e+00
-8.761383092272353679e+00
-7.246460360951833657e+00
-9.362737382859137591e-01
5.993481532517587418e+00
8.957117602394127687e+00
5.993481532517590971e+00
-9.362737382859015467e-01
-7.246460360951830992e+00
-8.761383092272355455e+00
-4.478558801197062067e+00
2.767901559754764929e+00
8.182734099237734426e+00
-7.609114160247499647e+00
-2.573868183552868061e+00
4.164606203550491159e+00
8.147199132008076106e+00
6.738474387103361884e+00
8.706397731441453125e-01
-5.573330948455209821e+00
-8.329212407100985871e+00
-5.573330948455213374e+00
8.706397731441339882e-01
6.738474387103359220e+00
8.147199132008076106e+00
4.164606203550491159e+00
-2.573868183552864064e+00
-7.609114160247495207e+00
8.493930853061110398e+00
2.873167351096879152e+00
-4.648882429441250963e+00
-9.094586388903014296e+00
-7.522049780538132779e+00
-9.718810725229862779e-01
6.221419037806136920e+00
9.297764858882505479e+00
6.221419037806141361e+00
-9.718810725229737324e-01
-7.522049780538130115e+00
-9.094586388903016072e+00
-4.648882429441250963e+00
2.873167351096875155e+00
8.493930853061106845e+00
-9.007522009193658974e+00
-3.046895318411369402e+00
4.929980185352526689e+00
9.644496579935557534e+00
7.976875503763898756e+00
1.030646505429769988e+00
-6.597601261524189908e+00
-9.859960370705056931e+00
-6.597601261524194349e+00
1.030646505429756665e+00
7.976875503763895203e+00
9.644496579935557534e+00
4.929980185352526689e+00
-3.046895318411364961e+00
-9.007522009193655421e+00
4.567727288212993564e+00
1.545084971874733704e+00
-2.499999999999993339e+00
-4.890738003669016898e+00
-4.045084971874728375e+00
-5.226423163382699633e-01
3.345653031794284527e+00
4.999999999999988454e+00
3.345653031794286747e+00
-5.226423163382631909e-01
-4.045084971874726598e+00
-4.890738003669017786e+00
-2.499999999999993339e+00
1.545084971874731483e+00
4.567727288212991787e+00
5.823157904273394081e+00
1.969748454546274452e+00
-3.187119948743447839e+00
-6.234947462228508819e+00
-5.156868403289724512e+00
-6.662895009836753424e-01
4.265199007682236143e+00
6.374239897486898343e+00
4.265199007682238808e+00
-6.662895009836666826e-01
-5.156868403289721847e+00
-6.234947462228509707e+00
-3.187119948743448283e+00
1.969748454546271565e+00
5.823157904273390528e+00
-7.159395981242487217e+00
-2.421745966941429185e+00
3.918467286629209845e+00
7.665678749940537884e+00
6.340213253570642138e+00
8.191827276718526285e-01
-5.243932782999110032e+00
-7.836934573258423242e+00
-5.243932782999113584e+00
8.191827276718419704e-01
6.340213253570639473e+00
7.665678749940538772e+00
3.918467286629210289e+00
-2.421745966941426076e+00
0.000000000000000000e+00
